[0 0 88 89 89]
[0 0 89 89 89]
[0 0 89 89 89]
[0 0 89 89 89]
[0 0 89 90 90]
[0 0 90 90 90]
[0 0 90 90 90]
[0 0 90 90 90]
[0 0 90 91 91]
[0 0 91 91 91]
[0 0 91 91 91]
[0 0 91 91 91]
[0 0 91 92 92]
[0 0 92 92 92]
[0 0 92 92 92]
[0 0 92 92 92]
[0 0 92 93 93]
[0 0 93 93 93]
[0 0 93 93 93]
[0 0 93 93 93]
[0 0 93 94 94]
[0 0 94 94 94]
[0 0 94 94 94]
[0 0 94 94 94]
[0 0 94 95 95]
[0 0 95 95 95]
[0 0 95 95 95]
[0 0 95 95 95]
[0 0 95 96 96]
[0 0 96 96 96]
[0 0 96 96 96]
[0 0 96 96 96]
[0 0 96 97 97]
[0 0 97 97 97]
[0 0 97 97 97]
[0 0 97 97 97]
[0 0 97 98 98]
[0 0 98 98 98]
[0 0 98 98 98]
[0 0 98 98 98]
[0 0 98 99 99]
[0 0 99 99 99]
[0 0 99 99 99]
[0 0 99 99 99]
[0 0 99 100 100]
[0 0 100 100 100]
[0 0 100 100 100]
[0 0 100 100 100]
[0 0 100 101 101]
[0 0 101 101 101]
[0 0 101 101 101]
[0 0 101 101 101]
[0 0 101 102 102]
[0 0 102 102 102]
[0 0 102 102 102]
[0 0 102 102 102]
[0 0 102 103 103]
[0 0 103 103 103]
[0 0 103 103 103]
[0 0 103 103 103]
[0 0 103 104 104]
[0 0 104 104 104]
[0 0 104 104 104]
[0 104 104 104 104]
[0 104 104 104 104]
[104 104 104 104 104]
  ... Passed --  25.3  5 1408 1181784  104
--- PASS: TestBackup2B (25.28s)
=== RUN   TestCount2B
Test (2B): RPC counts aren't too high ...
[0 0 0]
[0 0 0]
[0 7 12]
[7 8 12]
[8 12 12]
[12 12 12]
[0 0 12]
[0 12 12]
[0 12 12]
[0 12 12]
[0 12 12]
[0 12 12]
[0 12 12]
[0 12 12]
[0 12 12]
[0 12 12]
[0 12 12]
[0 12 12]
[0 12 12]
[0 12 12]
[0 12 12]
[0 12 12]
[0 12 12]
[0 12 12]
[0 12 12]
[0 12 12]
[0 12 12]
[0 12 12]
[0 12 12]
[0 12 12]
[0 12 12]
[0 12 12]
[0 12 12]
[0 12 12]
[0 12 12]
[0 12 12]
[0 12 12]
[0 12 12]
[0 12 12]
[0 12 12]
[0 12 12]
[0 12 12]
[0 12 12]
[0 12 12]
[0 12 12]
[0 12 12]
[0 12 12]
[0 12 12]
[0 12 12]
[0 12 12]
[0 12 12]
[0 12 12]
[0 12 12]
[0 12 12]
[0 12 12]
[0 12 12]
[0 12 12]
[0 12 12]
[0 12 12]
[0 12 12]
[12 18 24]
[18 19 24]
[18 24 24]
[24 24 24]
[24 24 24]
[24 24 24]
[24 24 24]
[24 24 24]
[24 24 24]
[24 24 24]
[24 24 24]
[24 24 24]
[24 24 24]
[24 24 24]
[24 24 24]
[24 24 24]
[24 24 24]
[24 24 24]
[24 24 24]
[24 24 24]
  ... Passed --   9.0  3   84   25207   24
--- PASS: TestCount2B (8.99s)
=== RUN   TestPersist12C
Test (2C): basic persistence ...
[0 0 0]
[0 0 0]
[0 1 1]
[1 1 1]
[1 1 1]
[1 1 1]
[0 0 1]
[0 1 1]
[1 2 2]
[2 2 2]
[0 0 2]
[0 2 2]
[2 3 3]
[3 3 3]
[3 3 3]
[3 3 3]
[3 3 3]
[3 3 3]
[3 3 3]
[3 3 3]
[3 3 3]
[3 3 3]
[0 0 3]
[0 3 3]
[3 4 4]
[4 4 4]
[0 0 4]
[0 4 4]
[4 5 5]
[5 5 5]
[5 5 5]
[5 5 5]
[5 5 5]
[5 5 5]
[5 5 5]
[5 5 5]
[5 5 5]
[5 5 5]
[5 5 5]
[5 5 5]
[0 0 5]
[0 6 6]
[0 6 6]
[0 6 6]
[6 6 6]
[6 6 6]
[6 6 6]
[6 6 6]
[6 6 6]
[6 6 6]
[6 6 6]
[6 7 7]
[6 7 7]
[6 8 8]
[8 8 8]
[8 8 8]
[8 8 8]
  ... Passed --  15.5  3  121   29145    8
--- PASS: TestPersist12C (15.51s)
=== RUN   TestPersist22C
Test (2C): more persistence ...
[0 0 0 0 0]
[0 0 0 0 0]
[0 0 0 0 0]
[0 0 0 0 0]
[0 0 0 1 1]
[0 0 1 1 1]
[0 1 1 1 1]
[1 1 1 1 1]
[1 1 1 1 1]
[1 1 1 1 1]
[1 1 1 1 1]
[1 1 1 1 1]
[1 1 1 1 1]
[1 1 1 1 1]
[1 1 1 1 1]
[1 1 1 1 1]
[1 1 1 1 1]
[1 1 1 1 1]
[1 1 1 1 1]
[1 1 1 1 1]
[1 1 1 1 1]
[1 1 1 1 1]
[1 1 1 1 1]
[1 1 1 1 1]
[1 1 1 1 1]
[1 1 1 1 1]
[1 1 1 1 1]
[1 1 1 1 1]
[1 1 1 2 2]
[1 1 2 2 2]
[1 1 2 2 2]
[1 1 2 2 2]
[0 0 0 3 3]
[0 0 3 3 3]
[0 0 0 0 3]
[0 0 0 3 3]
[0 0 3 4 4]
[0 0 4 4 4]
[0 0 4 4 4]
[0 0 4 4 4]
[0 0 4 4 4]
[0 0 4 4 4]
[0 0 4 4 4]
[0 4 4 4 4]
[0 4 4 4 4]
[4 4 4 4 4]
[4 4 4 4 4]
[4 4 4 4 4]
[4 4 4 4 4]
[4 4 4 4 4]
[4 4 4 4 4]
[4 4 4 4 4]
[4 4 4 4 4]
[4 4 4 4 4]
[4 4 4 4 4]
[4 4 4 4 4]
[4 4 4 4 4]
[4 4 4 4 4]
[4 4 4 4 4]
[4 4 4 4 4]
[4 4 4 4 4]
[4 4 4 4 4]
[4 4 4 4 4]
[4 4 4 4 4]
[4 4 4 4 4]
[4 4 4 4 4]
[4 4 4 4 4]
[4 4 4 4 4]
[4 4 4 4 4]
[4 4 4 4 4]
[4 4 4 4 4]
[4 4 4 4 4]
[4 4 4 4 4]
[4 4 4 4 4]
[4 4 4 4 4]
[4 4 4 4 4]
[4 4 4 4 4]
[4 4 4 4 4]
[4 4 4 4 4]
[4 4 4 4 4]
[4 4 4 4 4]
[4 4 4 4 4]
[4 4 4 4 4]
[4 4 4 4 4]
[4 4 4 4 4]
[4 4 4 4 4]
[4 4 4 4 4]
[4 4 4 4 4]
[4 4 4 4 4]
[4 4 4 4 4]
[4 4 4 4 4]
[4 4 4 4 4]
[4 4 4 4 4]
[4 4 4 4 4]
[4 4 4 4 4]
[4 4 4 4 4]
[4 4 4 4 4]
[4 4 4 4 4]
[4 4 4 4 4]
[4 4 4 4 4]
[4 4 4 4 4]
[4 4 4 4 4]
[4 4 4 5 5]
[4 4 5 5 5]
[4 5 5 5 5]
[4 5 5 5 5]
[4 5 5 5 5]
[4 5 5 5 5]
[5 5 5 5 5]
[5 5 5 5 5]
[5 5 5 5 5]
[5 5 5 5 5]
[5 5 5 5 5]
[5 5 5 5 5]
[5 5 5 5 5]
[5 5 5 5 5]
[5 5 5 5 5]
[5 5 5 5 5]
[5 5 5 5 5]
[5 5 5 5 5]
[5 5 5 5 5]
[5 5 5 5 5]
[5 5 5 5 5]
[5 5 5 5 5]
[5 5 5 5 5]
[5 5 5 6 6]
[5 5 5 6 6]
[5 5 6 6 6]
[5 5 6 6 6]
[5 5 6 6 6]
[0 0 0 7 7]
[0 0 7 7 7]
[0 0 0 0 7]
[0 0 0 7 7]
[0 0 7 8 8]
[0 0 8 8 8]
[0 0 0 0 8]
[0 0 0 8 8]
[0 0 8 9 9]
[0 0 9 9 9]
[0 0 9 9 9]
[0 0 9 9 9]
[0 0 9 10 10]
[0 0 10 10 10]
[0 0 10 10 10]
[0 0 10 10 10]
[0 10 10 10 10]
[0 10 10 10 10]
[10 10 10 10 10]
[10 10 10 10 10]
[10 10 10 10 10]
[10 10 10 10 10]
[10 10 10 10 10]
[10 10 10 10 10]
[10 10 10 10 10]
[10 10 10 10 10]
[10 10 10 10 10]
[10 10 10 10 10]
[10 10 10 10 10]
[10 10 10 10 10]
[10 10 10 10 10]
[10 10 10 10 10]
[10 10 10 11 11]
[10 10 11 11 11]
[10 10 11 11 11]
[10 10 11 11 11]
[0 0 0 12 12]
[0 0 12 12 12]
[0 0 0 0 12]
[0 0 0 12 12]
[0 0 12 13 13]
[0 0 13 13 13]
[0 0 13 13 13]
[0 0 13 13 13]
[0 0 13 13 13]
[0 0 13 13 13]
[0 0 13 13 13]
[0 13 13 13 13]
[0 13 13 13 13]
[13 13 13 13 13]
[13 13 13 13 13]
[13 13 13 13 13]
[13 13 13 13 13]
[13 13 13 13 13]
[13 13 13 13 13]
[13 13 13 13 13]
[13 13 13 13 13]
[13 13 13 13 13]
[13 13 13 13 13]
[13 13 13 13 13]
[13 13 13 13 13]
[13 13 13 13 13]
[13 13 13 13 13]
[13 13 13 13 13]
[13 13 13 13 13]
[13 13 13 13 13]
[13 13 13 13 13]
[13 13 13 13 13]
[13 13 13 13 13]
[13 13 13 13 13]
[13 13 13 13 13]
[13 13 13 13 13]
[13 13 13 13 13]
[13 13 13 13 13]
[13 13 13 13 13]
[13 13 13 13 13]
[13 13 13 13 13]
[13 13 13 13 13]
[13 13 13 13 13]
[13 13 13 13 13]
[13 13 13 13 13]
[13 13 13 13 13]
[13 13 13 13 13]
[13 13 13 13 13]
[13 13 13 13 13]
[13 13 13 13 13]
[13 13 13 13 13]
[13 13 13 13 13]
[13 13 13 13 13]
[13 13 13 13 13]
[13 13 13 13 13]
[13 13 13 13 13]
[13 13 13 13 13]
[13 13 13 13 13]
[13 13 13 13 13]
[13 13 13 13 13]
[13 13 13 13 13]
[13 13 13 13 13]
[13 13 13 13 13]
[13 13 13 13 13]
[13 13 13 13 13]
[13 13 13 13 13]
[13 13 13 14 14]
[13 13 14 14 14]
[13 14 14 14 14]
[14 14 14 14 14]
[14 14 14 14 14]
[14 14 14 14 14]
[14 14 14 14 14]
[14 14 14 14 14]
[14 14 14 14 14]
[14 14 14 14 14]
[14 14 14 14 14]
[14 14 14 14 14]
[14 14 14 14 14]
[14 14 14 14 14]
[14 14 14 14 14]
[14 14 14 14 14]
[14 14 14 14 14]
[14 14 14 14 14]
[14 14 14 14 14]
[14 14 14 14 14]
[14 14 14 14 14]
[14 14 14 14 14]
[14 14 14 14 14]
[14 14 14 15 15]
[14 14 15 15 15]
[14 14 15 15 15]
[14 14 15 15 15]
[0 0 0 16 16]
[0 0 16 16 16]
[0 0 0 0 16]
[0 0 0 16 16]
[0 0 16 17 17]
[0 0 17 17 17]
[0 0 17 17 17]
[0 0 17 17 17]
[0 0 17 17 17]
[0 0 17 17 17]
[0 17 17 17 17]
[17 17 17 17 17]
[17 17 17 17 17]
[17 17 17 17 17]
[17 17 17 17 17]
[17 17 17 17 17]
[17 17 17 17 17]
[17 17 17 17 17]
[17 17 17 17 17]
[17 17 17 17 17]
[17 17 17 17 17]
[17 17 17 17 17]
[17 17 17 17 17]
[17 17 17 17 17]
[17 17 17 17 17]
[17 17 17 17 17]
[17 17 17 17 17]
[17 17 17 17 17]
[17 17 17 17 17]
[17 17 17 17 17]
[17 17 17 17 17]
[17 17 17 17 17]
[17 17 17 17 17]
[17 17 17 17 17]
[17 17 17 17 17]
[17 17 17 17 17]
[17 17 17 17 17]
[17 17 17 17 17]
[17 17 17 17 17]
[17 17 17 17 17]
[17 17 17 17 17]
[17 17 17 17 17]
[17 17 17 17 17]
[17 17 17 17 17]
[17 17 17 17 17]
[17 17 17 17 17]
[17 17 17 17 17]
[17 17 17 17 17]
[17 17 17 17 17]
[17 17 17 17 17]
[17 17 17 17 17]
[17 17 17 17 17]
[17 17 17 17 17]
[17 17 17 17 17]
[17 17 17 17 17]
[17 17 17 17 17]
[17 17 17 17 17]
[17 17 17 17 17]
[17 17 17 17 17]
[17 17 17 17 17]
[17 17 17 17 17]
[17 17 17 17 17]
[17 17 17 17 17]
[17 17 17 17 17]
[17 17 17 17 17]
[17 17 17 17 17]
[17 17 17 17 17]
[17 17 17 17 17]
[17 17 17 17 17]
[17 17 17 17 17]
[17 17 17 17 17]
[17 17 17 17 17]
[17 17 17 18 18]
[17 17 18 18 18]
[17 18 18 18 18]
[18 18 18 18 18]
[18 18 18 18 18]
[18 18 18 18 18]
[18 18 18 18 18]
[18 18 18 18 18]
[18 18 18 18 18]
[18 18 18 18 18]
[18 18 18 18 18]
[18 18 18 18 18]
[18 18 18 18 18]
[18 18 18 18 18]
[18 18 18 18 18]
[18 18 18 18 18]
[18 18 18 18 18]
[18 18 18 18 18]
[18 18 18 18 18]
[18 18 18 18 18]
[18 18 18 18 18]
[18 18 18 18 18]
[18 18 18 18 18]
[18 18 18 18 18]
[18 18 18 19 19]
[18 18 19 19 19]
[18 18 19 19 19]
[18 18 19 19 19]
[0 0 0 20 20]
[0 0 20 20 20]
[0 0 0 0 20]
[0 0 0 20 20]
[0 0 20 21 21]
[0 0 21 21 21]
[0 0 21 21 21]
[0 0 21 21 21]
[0 0 21 22 22]
[0 0 22 22 22]
[0 0 22 22 22]
[0 0 22 22 22]
[0 0 22 22 22]
[0 0 22 22 22]
[0 22 22 22 22]
[22 22 22 22 22]
  ... Passed --  38.9  5 1530  337102   22
--- PASS: TestPersist22C (38.95s)
=== RUN   TestPersist32C
Test (2C): partitioned leader and one follower crash, leader restarts ...
[0 0 0]
[0 0 0]
[0 1 1]
[1 1 1]
[0 0 1]
[0 1 1]
[1 2 2]
[2 2 2]
[2 2 2]
[2 2 2]
[2 2 2]
[2 2 2]
[2 2 2]
[2 2 2]
[2 2 2]
[2 2 2]
[2 3 3]
[2 3 3]
[0 4 4]
[0 0 4]
[0 5 5]
[0 5 5]
[0 6 6]
[0 6 6]
[6 6 6]
[6 6 6]
  ... Passed --   9.3  3   47   11804    6
--- PASS: TestPersist32C (9.26s)
=== RUN   TestFigure82C
Test (2C): Figure 8 ...
[0 0 0 0 0]
[0 0 0 0 0]
[0 0 0 0 0]
[0 0 0 0 0]
[0 0 0 1 1]
[0 0 1 1 1]
[0 1 1 1 1]
[1 1 1 1 1]
[1 1 1 2 2]
[1 1 2 2 2]
[1 2 2 2 2]
[2 2 2 2 2]
[0 0 0 0 2]
[0 0 0 2 2]
[0 0 2 2 2]
[0 2 2 3 3]
[0 2 3 3 3]
[0 3 3 3 3]
[0 0 0 0 3]
[0 0 0 3 3]
[0 0 3 4 4]
[0 0 4 4 4]
[0 0 0 0 4]
[0 0 0 4 4]
[0 0 4 5 5]
[0 0 5 5 5]
[0 0 0 0 5]
[0 0 0 5 5]
[0 0 5 6 6]
[0 0 6 6 6]
[0 0 0 0 6]
[0 0 0 6 6]
[0 0 6 7 7]
[0 0 7 7 7]
[0 0 0 0 7]
[0 0 0 7 7]
[0 0 7 8 8]
[0 0 8 8 8]
[0 0 0 0 8]
[0 0 0 9 9]
[0 0 9 9 9]
[0 0 0 0 9]
[0 0 0 10 10]
[0 0 10 10 10]
[0 0 0 0 10]
[0 0 0 11 11]
[0 0 11 11 11]
[0 0 0 0 11]
[0 0 0 12 12]
[0 0 12 12 12]
[0 0 0 0 12]
[0 0 12 13 13]
[0 0 13 13 13]
[0 0 0 0 13]
[0 0 0 14 14]
[0 0 14 14 14]
[0 0 0 0 14]
[0 0 0 15 15]
[0 0 15 15 15]
[0 0 0 0 15]
[0 0 0 15 15]
[0 0 15 16 16]
[0 0 16 16 16]
[0 0 0 0 16]
[0 0 0 17 17]
[0 0 17 17 17]
[0 0 0 0 17]
[0 0 0 18 18]
[0 0 18 18 18]
[0 0 0 0 18]
[0 0 0 19 19]
[0 0 19 19 19]
[0 0 0 0 19]
[0 0 0 0 19]
[0 0 0 20 20]
[0 0 20 20 20]
[0 0 0 0 20]
[0 0 20 21 21]
[0 0 21 21 21]
[0 0 0 0 21]
[0 0 0 21 21]
[0 21 21 22 22]
[0 21 22 22 22]
[0 22 22 22 22]
[22 22 22 22 22]
[0 0 0 0 22]
[0 0 0 22 22]
[0 0 22 22 22]
[0 22 22 22 22]
[22 22 22 23 23]
[22 22 23 23 23]
[22 23 23 23 23]
[23 23 23 23 23]
[23 23 23 23 23]
[23 23 23 23 23]
[23 23 23 23 23]
[23 23 23 23 23]
  ... Passed --  34.4  5  392   86510   23
--- PASS: TestFigure82C (34.40s)
=== RUN   TestUnreliableAgree2C
Test (2C): unreliable agreement ...
[0 0 0 0 0]
[0 0 0 0 5]
[0 0 0 2 5]
[0 0 2 3 5]
[0 0 3 5 5]
[0 0 3 5 5]
[0 3 5 5 5]
[2 3 5 5 5]
[2 3 5 7 10]
[2 5 7 10 10]
[2 7 9 10 10]
[2 9 10 10 10]
[5 9 10 10 10]
[9 10 10 10 10]
[10 10 10 10 10]
[10 10 10 12 15]
[10 10 12 12 15]
[10 12 12 13 15]
[12 12 13 15 15]
[12 13 15 15 20]
[13 15 15 15 20]
[15 15 15 15 20]
[15 15 15 20 20]
[15 15 20 20 20]
[15 18 20 20 25]
[18 20 20 20 25]
[18 20 20 22 25]
[18 20 20 25 25]
[20 20 25 25 25]
[20 25 25 25 25]
[25 25 25 25 25]
[25 25 25 27 30]
[25 25 25 30 30]
[25 25 29 30 30]
[25 28 29 30 35]
[26 28 29 30 35]
[26 28 30 30 35]
[26 30 30 35 35]
[26 30 33 35 35]
[26 33 35 35 40]
[26 33 35 40 40]
[33 35 40 40 40]
[33 35 40 44 45]
[35 35 40 44 45]
[35 40 44 45 45]
[37 40 44 45 45]
[37 42 44 45 45]
[37 42 45 45 45]
[42 45 45 45 45]
[45 45 45 50 50]
[45 45 49 50 50]
[45 47 49 50 50]
[45 47 50 50 50]
[45 47 50 51 55]
[45 50 50 51 55]
[45 50 51 55 55]
[50 50 51 55 55]
[50 51 53 55 55]
[50 51 55 55 60]
[50 51 55 58 60]
[51 55 55 58 60]
[55 55 55 58 60]
[55 55 55 60 60]
[55 55 60 60 60]
[55 60 60 60 60]
[60 60 60 60 60]
[60 60 60 65 65]
[60 60 62 65 65]
[60 62 63 65 70]
[62 62 63 65 70]
[62 63 65 70 70]
[63 65 65 70 70]
[63 65 66 70 70]
[63 66 70 70 70]
[66 70 70 70 75]
[70 70 70 70 75]
[70 70 70 74 75]
[70 70 74 75 75]
[70 74 75 75 75]
[70 75 75 75 75]
[70 75 75 79 80]
[70 75 77 79 80]
[70 75 79 80 80]
[75 79 80 80 85]
[75 79 80 83 85]
[75 79 80 85 85]
[75 80 80 85 85]
[75 80 85 85 85]
[75 85 85 85 85]
[85 85 85 85 85]
[85 85 85 90 90]
[85 85 88 90 90]
[85 87 88 90 95]
[85 87 88 93 95]
[87 88 89 93 95]
[87 89 90 93 95]
[89 90 93 95 95]
[89 93 95 95 95]
[93 95 95 95 100]
[95 95 95 95 100]
[95 95 95 100 100]
[95 95 99 100 100]
[95 95 100 100 100]
[95 100 100 100 105]
[95 100 100 104 105]
[100 100 100 104 105]
[100 100 104 105 105]
[100 104 105 105 105]
[104 105 105 105 105]
[105 105 105 105 105]
[105 105 105 108 110]
[105 105 105 110 110]
[105 105 107 110 110]
[105 107 110 110 115]
[105 107 110 115 115]
[107 110 114 115 115]
[110 110 114 115 115]
[110 113 114 115 115]
[110 113 115 115 115]
[110 115 115 115 115]
[115 115 115 115 120]
[115 115 115 119 120]
[115 115 117 119 120]
[115 117 118 119 120]
[117 118 119 120 125]
[117 118 120 120 125]
[117 120 120 120 125]
[120 120 120 120 125]
[120 120 120 125 125]
[120 120 125 125 125]
[120 125 125 125 125]
[125 125 125 125 130]
[125 125 125 126 130]
[125 125 126 126 130]
[125 125 126 130 130]
[125 126 130 130 130]
[125 130 130 130 130]
[126 130 130 130 130]
[130 130 130 130 130]
[130 130 130 132 135]
[130 130 132 133 135]
[130 130 133 135 135]
[130 133 135 135 135]
[130 133 135 139 140]
[130 135 139 140 140]
[135 139 140 140 140]
[135 140 140 140 145]
[135 140 140 142 145]
[135 140 140 145 145]
[140 140 145 145 145]
[140 144 145 145 145]
[144 145 145 145 145]
[144 145 145 148 150]
[144 145 145 150 150]
[145 145 145 150 150]
[145 145 147 150 150]
[145 147 149 150 150]
[145 147 150 150 150]
[145 150 150 150 155]
[145 150 150 155 155]
[150 150 155 155 155]
[150 152 155 155 155]
[152 155 155 155 155]
[155 155 155 155 155]
[155 155 155 157 160]
[155 155 157 157 160]
[155 155 157 160 160]
[155 157 160 160 165]
[155 160 160 160 165]
[155 160 160 165 165]
[155 160 163 165 165]
[160 163 165 165 165]
[163 165 165 165 165]
[165 165 165 165 170]
[165 165 165 169 170]
[165 165 168 169 170]
[165 165 169 170 170]
[165 165 169 175 175]
[165 165 170 175 175]
[165 170 170 175 175]
[170 170 170 175 175]
[170 170 175 175 175]
[170 175 175 175 175]
[170 175 175 179 180]
[170 175 177 179 180]
[175 175 177 179 185]
[175 175 179 180 185]
[175 179 180 180 185]
[175 179 180 185 185]
[175 179 185 185 185]
[179 185 185 185 190]
[185 185 185 185 190]
[185 185 185 190 190]
[185 185 190 190 190]
[185 189 190 190 190]
[187 189 190 190 195]
[187 189 190 194 195]
[187 189 192 194 195]
[187 190 192 194 195]
[187 190 194 195 195]
[187 190 194 198 200]
[187 190 195 198 200]
[187 190 198 200 200]
[187 195 198 200 200]
[187 195 200 200 205]
[195 200 200 200 205]
[195 200 200 205 205]
[195 200 205 205 205]
[200 200 205 205 205]
[200 205 205 205 210]
[205 205 205 205 210]
[205 205 205 207 210]
[205 205 207 209 210]
[205 207 209 210 210]
[205 209 210 210 212]
[209 210 210 210 215]
[210 210 210 210 215]
[210 210 210 212 215]
[210 210 212 212 215]
[210 212 212 215 215]
[212 212 215 215 215]
[212 215 215 215 215]
[212 215 215 217 220]
[212 215 217 220 220]
[215 217 218 220 220]
[215 218 220 220 220]
[217 218 220 220 225]
[217 218 220 222 225]
[218 220 222 225 225]
[220 220 222 225 225]
[220 222 225 225 230]
[220 222 225 228 230]
[220 225 225 228 230]
[220 225 225 230 230]
[220 225 230 230 230]
[220 225 230 232 235]
[220 225 230 235 235]
[220 230 230 235 235]
[230 230 235 235 235]
[230 234 235 235 235]
[234 235 235 235 240]
[234 235 235 240 240]
[234 235 239 240 240]
[235 235 239 240 240]
[235 235 240 240 245]
[235 240 240 240 245]
[240 240 240 240 245]
[240 240 240 245 245]
[240 240 245 245 245]
[240 245 245 245 245]
[245 245 245 245 245]
[245 245 245 246 246]
[245 245 246 246 246]
[245 246 246 246 246]
[246 246 246 246 246]
[246 246 246 246 246]
[246 246 246 246 246]
[246 246 246 246 246]
[246 246 246 246 246]
  ... Passed --   2.8  5  323  111593  246
--- PASS: TestUnreliableAgree2C (2.85s)
=== RUN   TestFigure8Unreliable2C
Test (2C): Figure 8 (unreliable) ...
[0 0 0 0 0]
[0 0 0 0 0]
[0 0 0 0 0]
[0 0 0 0 1]
[0 0 0 1 1]
[0 0 1 1 1]
[0 1 1 1 1]
[1 1 1 1 1]
[1 1 1 2 2]
[1 1 2 2 2]
[1 2 2 2 2]
[2 2 2 2 2]
[0 0 0 2 3]
[0 0 2 3 3]
[0 2 2 3 3]
[0 2 3 3 3]
[0 3 3 3 4]
[0 2 3 3 4]
[0 0 0 6 6]
[0 0 4 6 7]
[0 0 4 4 7]
[0 0 4 5 7]
[0 0 4 7 9]
[0 0 0 10 12]
